115010320240111120011                                                juan josé RAMIREZ                       1536854511  113  24111978 461210340399921
21501032024011111 1 32023 4 5 9211
3150103202401111111111
115240320240111101011                                                  05112024                                                          11  111   1 1   1  11111100  011
2152403202401111224111978 1 1 1111
3152403202401111111111
120241120240111110011                                                                                                                    12352  7924111978 4612 1302   2
2202411202401111124102024 1 2 1121
3202411202401111141321
115241120240000115011                                                                                                            1536854511  115  24111978 4611543      11
2152411202400001124112023 1 1 1113
3152411202400001111111
115201020240000203021                                                                                                11  1 1   1111978 46115112034012
2152010202400002
31520102024000022 2 22
101240220240000401091                                                                                                11  111  24111978 4612  6      2
2012402202400004
30124022024000042 2 22
106240320241234505021                                                                                                11  1 1  24111978 4612  2105   2
2062403202412345
30624032024123452 2 22
115240320245555501011                                                                                                11  1 1  24111978 46111012013042
2152403202455555
31524032024555552 2 22
105050520245555501011                                                                                                11  1 1  24111978 4612  1106   2
2050505202455555
30505052024555552 2 22
101020220246666601011                                                                                                11  1 1  24111978 4612  1200   2
2010202202466666
30102022024666662 2 22
102241120249999901021                                                                                                11  112  24111978 4612  4      2
2022411202499999
30224112024999992 2 22
115241120247777702031                                                                                        1536854511  120  21111978 461156140140112
2152411202477777124 32024 1 1 1151
3152411202477777111111
108240320246666601011                                                                                                11  115  24111978 461156110530311
2082403202466666224 12024 1 4 72
30824032024666662 2 22
102241120235555503011INE                                             LEVIS RAFAEL TORREALBA RAMIREZ          1536854521  115  24111978 4512  1300   2
2022411202355555
30224112023555552 2 22
115110320246666601011                                                                                        1536854511  1 1  24111978 46121039999992
2151103202466666
31511032024666662 2 22
101240220242222201011                                                                                                11  1 1  24111978 461110130240211
201240220242222224 22023 6 6 8112
3012402202422222
115000082024011607011                                                                                1536854511  115  19781124 451210499999920
215000082024011620231113 1 6 9111
3150000820240116
415000082024011620241120
115000092024031204021                                        Levis Rafael Torrealba Ramirez          1536854512762  3819781124 451153140240212
215000092024031220231115 3 7 9113
3150000920240312
415000092024031220241120
106000022024041604071INE                                     José estanga                            1536854511  111  19781124 4531335999   12
206000022024041620240130 5 6 8111
3060000220240416
406000022024041620241120
115000102024012002021Instituto Nacinal de Estadisticas       Leiciaga                                1536854512762  7819781124  12210699999920
215000102024012020231107 6 7112 5
3150001020240120
415000102024012020241120
115000882024111406011INSTITUTO NACIONAL                      LEVIS RAFAEL                            1536854512422  1019781124 463210599999920
215000882024111420240110 4 7102 5
3150008820241114
415000882024111420241120
115000992024102407011                                                                                1536854511  113  19781124***31445999   20
215000992024102420240121 5 6 82 2
3150009920241024
415000992024102420241121
115009992024101405011INSTITUTO NACIONAL DE ESTADISTICAS      LEVIS RAFAEL                            1536854522602  7719781124***3210599999920
215009992024101420230313 5 5 82 3
3150099920241014
415009992024101420241121
101546452024072301021jkbljhljhl                              levis torrealba                         1536854511  2127820221128  25210599999920
201546452024072319740521 7 8112 4
3015464520240723
401546452024072320241121
108515152024110507011                                                                                1536854511  1 9  19351128 8931456999   20
208515152024110520240124 6 6 8113
3085151520241105
408515152024110520241122
115546652024112506011                                        INE                                     1536854511  111  19781124 473154480940012
215546652024112520230111 6 6 9113
3155466520241125
415546652024112520241125
115454462024010806011fghdfhd                                 dfhdhdfh                                        1260113  19931124 321210680799920
215454462024010820200121 6 5 7111
3154544620240108
415454462024010820241125
101456442024021401011                                                                                        11  1 1  20181114  74210799999920
201456442024021420240123 7 6 5111
30145644202402142 2 11
401456442024021420241126
101445452024042301011                                                                                        11  1 1  20240422  13210599999920
201445452024042320240117 6 6 7200
30144545202404232 2 21
401445452024042320241126
101456442024120401011                                                                                        11  1 1  19251223 9912101005999 99
201456442024120420240108 1 1 1 99
3014564420241204 9 9
401456442024120420241202
115201022400121203021                                                                                1536854511  1 9 119781222 46113589991151 2
215201022400121220240123 2 5 7200
31520102240012122 2 22
415201022400121220241210
115000012024040120011hfsdhdfh                                fghdfh                                  1536854511  1 1  19780102 47113511102011 3
215000012024040120240124 7 1 1 99
3150000120240401 9132
415000012024040120241210
116000012024120401021UIGHIG                                                                          1111111111  114  20241124  111451103110111
216000012024120411111111 6 6 9200
31600001202412042 2 2
416000012024120420241211
101544542025011401011                                                                                        11  1 1  199999999 99121010079991 99
201544542025011420240117 5 4 71 99
30154454202501141 91 91 1
4015445420250114
103424542025011502021                                                                                7454645411  101   20010130 24221039999991 99
203424542025011520240117 5 5 41 99
30342454202501151 91 91 1
403424542025011520250113
115   242025013120011INSTITUTO NACIONAL DE ESTADISTICAS      TORREALBA LEVIS                         11  107  20250131  141311107203 1 2
215   242025013120240131 5 6 61 99
315   24202501311 91 91 1
415   242025013120250131
101111112025021101011                                                                                11  101  2999999992 99121  11109992 0
2011111120250211120250209 1 1 2123
3011111120250211393932
4011111120250211
